1.01 -9.37 -2.35
1.01 -9.38 -2.31
0.98 -9.34 -2.37
0.96 -9.36 -2.43
0.94 -9.37 -2.37
0.96 -9.39 -2.42
0.96 -9.33 -2.41
0.94 -9.35 -2.39
0.96 -9.41 -2.42
1.02 -9.36 -2.41
0.99 -9.33 -2.35
0.99 -9.41 -2.46
0.98 -9.36 -2.36
0.95 -9.38 -2.38
0.95 -9.38 -2.4
0.94 -9.43 -2.42
0.93 -9.39 -2.37
0.96 -9.39 -2.4
0.95 -9.36 -2.37
0.96 -9.47 -2.49
0.93 -9.41 -2.48
0.97 -9.36 -2.52
0.99 -9.36 -2.52
1.0 -9.34 -2.52
0.97 -9.35 -2.53
0.98 -9.31 -2.57
0.98 -9.34 -2.58
1.0 -9.28 -2.53
0.97 -9.36 -2.59
0.99 -9.31 -2.6
0.96 -9.36 -2.61
0.95 -9.33 -2.61
0.94 -9.35 -2.56
0.91 -9.36 -2.6
0.96 -9.38 -2.58
0.97 -9.32 -2.54
0.92 -9.33 -2.54
0.95 -9.33 -2.54
0.92 -9.32 -2.52
0.93 -9.34 -2.54
0.97 -9.34 -2.52
0.94 -9.35 -2.49
0.92 -9.37 -2.53
0.94 -9.37 -2.54
0.91 -9.33 -2.53
0.92 -9.31 -2.5
0.91 -9.36 -2.56
0.92 -9.33 -2.55
0.88 -9.38 -2.54
0.93 -9.31 -2.54
0.89 -9.38 -2.54
0.9 -9.37 -2.56
0.88 -9.36 -2.56
0.92 -9.33 -2.55
0.88 -9.34 -2.57
0.91 -9.34 -2.58
0.89 -9.4 -2.58
0.89 -9.31 -2.56
0.91 -9.35 -2.56
0.85 -9.33 -2.62
0.82 -9.28 -2.62
0.75 -9.47 -2.78
0.68 -9.37 -2.66
0.71 -9.29 -2.63
0.59 -9.42 -2.65
0.66 -9.36 -2.62
0.65 -9.38 -2.63
0.64 -9.4 -2.57
0.62 -9.39 -2.57
0.65 -9.41 -2.5
0.65 -9.43 -2.56
0.68 -9.39 -2.54
0.67 -9.43 -2.48
0.7 -9.36 -2.44
0.67 -9.39 -2.57
0.69 -9.39 -2.51
0.69 -9.37 -2.54
0.69 -9.37 -2.55
0.69 -9.34 -2.59
0.72 -9.39 -2.59
0.76 -9.42 -2.51
0.8 -9.45 -2.42
0.8 -9.45 -2.28
0.82 -9.55 -2.07
0.85 -9.55 -2.2
1.68 -9.5 -3.4
1.58 -9.68 -1.64
1.47 -9.51 -0.51
1.85 -9.31 -0.43
0.54 -9.58 -0.75
3.24 -9.77 -0.42
1.56 -9.59 0.76
1.59 -8.56 1.61
1.49 -8.66 2.16
3.1 -9.37 2.46
2.57 -9.13 2.58
2.34 -8.85 2.64
2.1 -8.97 3.41
2.23 -8.6 3.93
2.16 -7.88 4.85
1.96 -7.48 5.7
1.89 -6.98 6.22
1.74 -6.47 6.88
1.8 -5.7 7.52
1.88 -5.18 7.94
1.84 -4.52 8.31
1.82 -3.89 8.55
1.63 -3.4 8.95
1.46 -3.0 9.08
1.28 -2.77 9.12
0.95 -2.62 9.33
0.9 -2.31 9.34
0.71 -1.84 9.56
-0.13 -1.48 9.36
-0.95 -0.66 9.1
-0.64 -0.51 9.53
-0.8 -0.21 9.6
-0.86 0.37 9.74
-0.5 1.3 10.18
-1.59 -0.06 9.64
-1.55 -0.04 9.4
-1.31 -0.14 9.96
-1.05 2.36 10.99
-0.55 7.03 11.99
-1.62 -6.14 7.56
-0.51 0.2 9.46
-0.79 0.97 9.83
-0.5 1.51 9.73
-0.47 2.68 9.19
-0.47 2.85 9.26
-0.48 2.73 9.09
-0.34 2.59 9.19
-0.51 2.67 9.25
-0.49 2.67 9.29
-0.5 2.72 9.22
-0.45 2.83 9.06
-0.5 2.85 9.24
-0.51 2.83 9.23
-0.49 2.85 9.24
-0.51 2.88 9.31
-0.54 2.89 9.24
-0.54 2.89 9.24
-0.52 2.94 9.21
-0.57 3.14 9.18
-0.59 2.96 9.25
-0.59 2.97 9.21
-0.58 2.99 9.24
-0.57 2.96 9.22
-0.58 3.01 9.19
-0.61 3.01 9.25
-0.6 3.0 9.21
-0.58 2.99 9.22
-0.61 3.03 9.23
-0.61 3.02 9.18
-0.63 3.01 9.19
-0.6 3.02 9.2
-0.62 3.0 9.18
-0.62 3.02 9.2
-0.62 3.03 9.19
-0.61 3.02 9.2
-0.6 3.02 9.2
-0.62 3.02 9.17
-0.63 3.0 9.22
-0.61 3.04 9.23
-0.62 3.01 9.2
-0.6 3.02 9.22
-0.59 3.01 9.21
-0.62 3.03 9.21
-0.6 3.02 9.22
-0.6 3.01 9.2
-0.62 3.04 9.23
-0.61 3.03 9.17
-0.6 3.03 9.15
-0.62 3.02 9.18
-0.62 3.04 9.19
-0.63 3.02 9.2
-0.64 3.04 9.18
-0.62 3.05 9.2
-0.62 3.02 9.17
-0.63 3.04 9.19
-0.63 3.03 9.16
-0.62 3.06 9.15
-0.64 3.07 9.18
-0.61 3.07 9.2
-0.63 3.08 9.19
-0.63 3.08 9.15
-0.63 3.07 9.19
-0.62 3.09 9.22
-0.64 3.07 9.17
-0.62 3.09 9.16
-0.63 3.08 9.19
-0.64 3.1 9.18
-0.61 3.08 9.21
-0.61 3.1 9.17
-0.62 3.09 9.2
-0.64 3.07 9.21
-0.62 3.08 9.16
-0.62 3.07 9.2
-0.66 3.06 9.13
-0.62 3.07 9.22
-0.62 3.07 9.16
-0.62 3.08 9.2
-0.6 3.07 9.2
-0.63 3.07 9.16
-0.63 3.08 9.2
-0.61 3.07 9.17
-0.61 3.07 9.19
-0.63 3.07 9.17
-0.63 3.07 9.19
-0.63 3.09 9.17
-0.65 3.08 9.19
-0.65 3.05 9.19
-0.62 3.07 9.18
-0.57 3.06 9.17
-0.36 2.81 9.13
-0.27 1.38 9.87
1.57 -0.22 9.2
1.14 -2.4 9.75
1.77 -3.13 8.74
2.95 -4.63 8.08
2.95 -5.76 7.39
3.55 -6.48 6.2
2.8 -6.94 5.7
3.66 -7.38 4.8
3.13 -8.45 4.51
2.95 -8.13 3.9
2.7 -8.69 3.3
1.92 -9.27 2.45
1.28 -9.42 1.78
1.11 -9.47 1.7
1.18 -9.5 1.67
1.24 -9.36 1.65
1.16 -9.48 1.7
1.19 -9.46 1.65
1.31 -9.45 1.7
1.25 -9.54 1.73
1.22 -9.5 1.62
1.24 -9.45 1.7
1.25 -9.39 1.66
1.2 -9.5 1.71
1.19 -9.52 1.82
1.15 -9.43 1.84
1.14 -9.51 1.79
1.15 -9.55 1.89
1.15 -9.47 1.88
1.08 -9.49 1.91
1.12 -9.49 1.85
1.17 -9.46 1.83
1.12 -9.5 1.8
1.13 -9.54 1.71
1.22 -9.47 1.75
1.14 -9.54 1.74
1.15 -9.47 1.73
1.28 -9.37 1.77
1.22 -9.51 1.78
1.24 -9.5 1.76
1.26 -9.48 1.84
1.14 -9.5 1.75
1.13 -9.55 1.7
1.22 -9.51 1.78
1.15 -9.58 1.79
1.11 -9.48 1.79
1.12 -9.53 1.81
1.14 -9.52 1.8
1.12 -9.49 1.76
1.12 -9.53 1.79
1.16 -9.54 1.77
1.08 -9.53 1.78
1.13 -9.53 1.77
1.14 -9.44 1.82
1.1 -9.5 1.85
1.18 -9.52 1.81
1.18 -9.49 1.82
1.17 -9.45 1.82
1.19 -9.53 1.77
1.19 -9.49 1.76
1.21 -9.52 1.81
1.19 -9.5 1.8
1.23 -9.54 1.75
1.24 -9.52 1.74
1.21 -9.48 1.75
1.2 -9.48 1.76
1.24 -9.54 1.69
1.24 -9.47 1.72
1.26 -9.51 1.73
1.23 -9.53 1.77
1.22 -9.52 1.77
1.25 -9.47 1.75
1.23 -9.53 1.79
1.21 -9.5 1.77
1.26 -9.55 1.69
1.2 -9.53 1.85
1.19 -9.5 1.75
1.22 -9.47 1.84
1.25 -9.46 1.8
1.2 -9.51 1.79
1.21 -9.48 1.82
1.23 -9.47 1.82
1.19 -9.52 1.81
1.23 -9.52 1.82
1.23 -9.44 1.87
1.17 -9.5 1.85
1.2 -9.48 1.83
1.22 -9.51 1.81
1.17 -9.55 1.8
1.21 -9.55 1.86
1.25 -9.49 1.85
