0.041451587500000005 0.004363325 -0.0065449875
-0.00763581875 -0.010908312500000001 0.02617995
-0.07635818750000001 -0.005454156250000001 0.013089975
0.0065449875 -0.005454156250000001 0.010908312500000001
-0.00872665 0.0 -0.00109083125
-0.03381576875 0.0 0.0065449875
0.018544131250000002 0.0152716375 -0.02727078125
-0.0021816625 -0.005454156250000001 0.01636246875
0.00109083125 0.009817481250000001 -0.021816625000000003
0.02945244375 0.00763581875 -0.01418080625
-0.05781405625 -0.004363325 0.01418080625
0.020725793750000002 0.011999143750000002 -0.025089118750000004
0.025089118750000004 -0.0065449875 0.013089975
0.00109083125 -0.00327249375 0.004363325
0.00763581875 0.00109083125 0.004363325
-0.01636246875 -0.010908312500000001 0.019634962500000002
-0.02617995 0.00327249375 0.00327249375
-0.00109083125 0.0065449875 -0.011999143750000002
-0.030543275 0.0065449875 -0.011999143750000002
-0.03163410625 -0.00109083125 0.004363325
0.00327249375 -0.005454156250000001 0.010908312500000001
-0.010908312500000001 0.00872665 -0.018544131250000002
-0.065449875 0.004363325 -0.011999143750000002
0.0 -0.00327249375 0.00109083125
-0.00872665 -0.004363325 0.00109083125
-0.0349066 -0.0065449875 0.00763581875
0.0 0.005454156250000001 -0.004363325
0.0174533 -0.00109083125 0.00109083125
-0.005454156250000001 -0.0021816625 0.004363325
0.010908312500000001 -0.00109083125 0.013089975
-0.021816625000000003 -0.005454156250000001 0.013089975
-0.01636246875 0.00109083125 -0.00109083125
0.0349066 -0.005454156250000001 0.0152716375
-0.005454156250000001 0.0 0.009817481250000001
-0.0065449875 0.00872665 -0.013089975
0.042542418750000005 -0.00109083125 0.0
-0.011999143750000002 -0.004363325 0.00763581875
0.02617995 -0.0021816625 0.00763581875
-0.005454156250000001 -0.004363325 0.011999143750000002
-0.00763581875 0.011999143750000002 -0.019634962500000002
0.00872665 -0.0021816625 0.00109083125
-0.004363325 -0.00872665 0.0152716375
-0.0283616125 0.005454156250000001 -0.010908312500000001
0.0021816625 -0.0021816625 -0.0021816625
-0.021816625000000003 -0.0065449875 0.011999143750000002
0.00763581875 -0.00327249375 0.01418080625
0.00327249375 0.00109083125 0.00109083125
-0.01418080625 -0.0021816625 0.00763581875
0.020725793750000002 0.00109083125 0.00327249375
0.02945244375 0.004363325 -0.005454156250000001
-0.01636246875 -0.00327249375 0.0021816625
-0.0065449875 -0.00327249375 0.010908312500000001
-0.01636246875 0.004363325 -0.010908312500000001
0.021816625000000003 0.0 0.00872665
-0.00872665 0.0065449875 -0.00763581875
-0.00327249375 0.00872665 -0.0152716375
0.01418080625 0.0 -0.0021816625
0.011999143750000002 -0.004363325 0.00763581875
-0.00763581875 -0.0065449875 0.01418080625
-0.0632682125 -0.0327249375 0.065449875
-0.1047198 -0.05345073125 0.1047198
0.011999143750000002 -0.019634962500000002 0.045814912500000006
-0.01418080625 -0.005454156250000001 0.009817481250000001
0.004363325 0.004363325 -0.0021816625
0.03599743125 -0.013089975 0.05999571875
0.03163410625 0.00763581875 -0.0065449875
-0.019634962500000002 0.004363325 -0.00109083125
0.0174533 0.00109083125 -0.00109083125
0.0065449875 0.019634962500000002 -0.0349066
0.03163410625 0.00109083125 0.004363325
0.009817481250000001 0.004363325 -0.005454156250000001
0.005454156250000001 0.00327249375 -0.011999143750000002
0.018544131250000002 -0.00327249375 0.004363325
0.0174533 0.009817481250000001 -0.019634962500000002
-0.0283616125 0.00763581875 -0.011999143750000002
-0.0021816625 0.0 0.00109083125
-0.018544131250000002 0.004363325 -0.013089975
-0.05563239375 0.00327249375 -0.005454156250000001
-0.011999143750000002 0.010908312500000001 -0.021816625000000003
0.065449875 0.02727078125 -0.05563239375
0.0676315375 0.0174533 -0.0349066
0.09162982500000001 0.022907456250000003 -0.038179093750000004
0.19744045625 0.00763581875 -0.013089975
0.038179093750000004 0.013089975 -0.02727078125
-0.0152716375 0.00763581875 -0.0021816625
0.15707970000000002 1.426807275 -0.09599315000000001
0.23671038125000002 0.5814130562500001 -0.6174104875
0.5825038875 -0.27161698125 -0.17016967500000002
0.5388706375000001 0.019634962500000002 -0.16471551875
0.18762297500000003 -0.41342504375000005 0.038179093750000004
0.6741337125000001 0.28688861875000005 -0.44942247500000004
1.9580420937500003 2.12057595 -0.45923995625
0.5214173375000001 0.09053899375 -0.08726650000000001
0.12326393125000001 0.08617566875 -0.14726221875
0.143989725 -0.07963068125 -0.06872236875000001
0.19853128750000001 0.2268929 -0.13417224375
0.41124338125000004 0.4886924 0.15162554375
0.5825038875 0.037088262500000004 -0.07744901875
0.7821260062500001 0.07963068125 -0.10253813750000002
1.01120056875 0.606502175 0.005454156250000001
0.8912091312500001 0.11890060625000001 0.05345073125
0.88466414375 0.12762725625000002 0.04799657500000001
0.9533865125000001 0.07308569375 -0.011999143750000002
0.83666756875 -0.0327249375 -0.1112647875
0.8443033875000001 0.0545415625 -0.05345073125
0.81266928125 0.0152716375 -0.08835733125
0.7286752750000001 0.05017823750000001 -0.0283616125
0.571595575 0.26398116250000003 0.03599743125
0.3119777375 0.11235561875000001 -0.0065449875
0.20398544375000002 0.1898046375 0.0719948625
0.29343360625000003 0.23234705625000002 0.09162982500000001
0.34143018125 0.1505347125 0.03599743125
0.5508697812500001 0.24543703125000002 -0.00327249375
0.6752245437500001 0.9512048500000001 -0.25416368125
0.5148723500000001 0.6566804125000001 -0.19853128750000001
0.2617995 0.25634534375 -0.11890060625000001
0.33924851875 0.23780121250000003 -0.06654070625000001
0.6261371375000001 0.07526735625 -0.09162982500000001
-0.0021816625 0.2443462 -0.34033935000000004
-0.60213885 0.17126050625000003 -0.039269925000000004
-0.27379864375 0.062177381250000004 -0.21162126250000002
0.27379864375 0.23343788750000002 -0.11235561875000001
0.23780121250000003 0.47232993125000006 -0.318522725
-0.5094181937500001 -1.12246535625 -0.14726221875
0.20725793750000002 -0.00109083125 0.143989725
0.60213885 -0.09708398125 -0.01636246875
0.99592893125 0.15598886875 0.025089118750000004
1.73333085625 -0.27270781250000004 0.021816625000000003
-0.23671038125000002 0.019634962500000002 -0.00763581875
0.6403179437500001 -0.019634962500000002 0.010908312500000001
0.09817481250000001 -0.010908312500000001 0.005454156250000001
0.0327249375 0.056723225 -0.020725793750000002
0.00327249375 -0.00109083125 -0.00109083125
0.00763581875 0.018544131250000002 -0.00109083125
0.0327249375 -0.004363325 0.00109083125
0.10581063125000001 -0.018544131250000002 -0.00763581875
0.037088262500000004 0.01636246875 -0.004363325
0.023998287500000003 0.00872665 -0.011999143750000002
0.00327249375 0.010908312500000001 -0.0021816625
-0.0065449875 0.004363325 -0.00327249375
-0.00109083125 0.004363325 -0.0065449875
0.004363325 0.0021816625 -0.00763581875
0.08399400625 0.12544559375 0.013089975
0.07417652500000001 0.00327249375 -0.00109083125
0.0021816625 0.011999143750000002 -0.0021816625
0.01418080625 0.0 -0.005454156250000001
-0.00872665 0.01636246875 -0.0021816625
0.009817481250000001 0.00109083125 -0.004363325
0.004363325 -0.0065449875 0.0
0.013089975 0.013089975 -0.00327249375
-0.00327249375 -0.00763581875 -0.0021816625
0.0021816625 -0.00109083125 -0.00109083125
0.0065449875 0.01418080625 -0.00109083125
0.00109083125 -0.0021816625 -0.0021816625
0.0021816625 0.00327249375 0.0
0.00763581875 0.00872665 0.0
0.00327249375 0.00327249375 -0.00109083125
0.0021816625 0.00763581875 -0.0021816625
-0.00109083125 0.00327249375 0.0
-0.00109083125 -0.005454156250000001 0.00109083125
-0.0065449875 -0.00109083125 -0.00109083125
0.0 0.00109083125 0.0
0.00109083125 0.00763581875 -0.00109083125
0.00109083125 0.00763581875 -0.0021816625
-0.00763581875 -0.0021816625 -0.0021816625
-0.005454156250000001 -0.004363325 0.0
0.0021816625 0.00109083125 -0.00327249375
-0.0065449875 -0.0021816625 0.0021816625
-0.0021816625 0.00327249375 0.0
0.0 -0.00109083125 0.0
0.0021816625 0.00327249375 0.00109083125
0.009817481250000001 0.0065449875 0.0
0.0 -0.0021816625 0.0
-0.0065449875 -0.0021816625 -0.0021816625
0.0021816625 0.0021816625 0.0
-0.00763581875 -0.013089975 0.0
0.0 0.0 0.0
0.00327249375 0.00327249375 -0.00327249375
0.00109083125 0.0 -0.00109083125
0.009817481250000001 0.0065449875 -0.00327249375
-0.0065449875 -0.00872665 -0.00109083125
-0.00872665 -0.00327249375 0.0
0.005454156250000001 0.004363325 0.0
-0.00109083125 -0.00763581875 0.00109083125
-0.004363325 -0.00109083125 0.0
0.00763581875 0.00109083125 -0.0021816625
-0.0021816625 -0.0065449875 -0.00109083125
0.0 0.0 0.0
0.005454156250000001 0.004363325 0.00109083125
-0.00327249375 0.0 0.0021816625
-0.00109083125 -0.00109083125 0.0021816625
-0.0021816625 0.00327249375 0.00109083125
-0.00327249375 -0.00109083125 0.0021816625
-0.00109083125 0.00327249375 0.0
-0.0021816625 -0.004363325 0.0021816625
-0.00327249375 -0.00327249375 -0.00109083125
-0.01418080625 -0.00763581875 0.0
0.0 0.00109083125 -0.0021816625
0.005454156250000001 0.00872665 -0.00109083125
0.0 0.0021816625 0.0
0.00327249375 0.00763581875 0.0
0.005454156250000001 0.004363325 0.0
0.004363325 0.00109083125 0.00109083125
0.005454156250000001 0.005454156250000001 -0.0021816625
-0.0065449875 -0.00763581875 0.0
-0.004363325 0.0 0.00109083125
-0.00109083125 -0.005454156250000001 -0.00109083125
-0.0021816625 -0.0065449875 0.0
0.00109083125 0.0 -0.00109083125
0.00327249375 0.0 -0.0021816625
0.004363325 0.00109083125 0.0
0.004363325 0.00327249375 -0.00109083125
-0.0065449875 -0.00763581875 -0.00109083125
-0.12871808750000002 0.0 0.013089975
-0.7679452000000001 -0.18653214375000002 0.28034363125
-1.5173462687500001 -0.68940535 0.3207043875
-2.046399425 -0.94356903125 0.07308569375
-1.8740480875 -0.43196917500000004 -0.4297875125
-1.38862818125 -0.7755810187500001 0.2617995
-1.35590324375 -0.46251245 0.2443462
-1.28390838125 -0.73631109375 0.5301439875
-0.8093967875000001 -0.88466414375 0.6174104875
-0.8759374937500001 -0.5683230812500001 0.011999143750000002
-0.37524595000000005 -0.32615854375000003 0.8104876187500001
-0.49305572500000006 -0.27816196875000004 0.4537858
-0.571595575 -0.2508911875 0.44287748750000006
-0.90648076875 -0.19525879375000002 0.58468555
-0.8115784500000001 -0.09381148750000001 0.8628475187500001
-0.344702675 -0.010908312500000001 0.49741905000000003
-0.08944816250000001 -0.004363325 0.09490231875
0.043633250000000005 -0.004363325 -0.03163410625
-0.07853985000000001 -0.004363325 0.021816625000000003
0.011999143750000002 -0.00327249375 -0.023998287500000003
0.05781405625 -0.00327249375 -0.0698132
0.04908740625000001 -0.00109083125 -0.037088262500000004
-0.0327249375 0.00109083125 0.07308569375
-0.07308569375 -0.00109083125 0.05126906875000001
0.0065449875 -0.004363325 -0.01636246875
0.01418080625 0.0021816625 0.021816625000000003
0.065449875 0.004363325 0.040360756250000004
0.1047198 0.0021816625 -0.00872665
0.0523599 0.004363325 0.04799657500000001
-0.019634962500000002 -0.00327249375 -0.021816625000000003
0.046905743750000006 0.0 0.0
-0.0283616125 -0.00327249375 0.020725793750000002
-0.08726650000000001 -0.005454156250000001 -0.0283616125
0.06108655 0.0 -0.02727078125
-0.0174533 -0.00109083125 0.025089118750000004
-0.0676315375 -0.0021816625 0.022907456250000003
0.0283616125 -0.004363325 -0.03599743125
0.004363325 -0.004363325 -0.05017823750000001
-0.0152716375 -0.004363325 0.0021816625
0.013089975 0.0 -0.030543275
0.01418080625 -0.00327249375 -0.06654070625000001
-0.03599743125 0.0 -0.022907456250000003
-0.030543275 -0.0021816625 0.019634962500000002
0.0327249375 0.0 0.011999143750000002
-0.019634962500000002 0.0021816625 0.0698132
0.0283616125 -0.004363325 -0.00763581875
0.03599743125 0.00327249375 0.013089975
-0.0719948625 -0.00109083125 0.025089118750000004
0.022907456250000003 0.0021816625 0.023998287500000003
0.020725793750000002 -0.00327249375 -0.00763581875
0.010908312500000001 -0.00327249375 0.011999143750000002
-0.00763581875 -0.0021816625 0.01418080625
0.0283616125 0.0 -0.0174533
-0.05126906875000001 -0.00327249375 -0.0152716375
0.013089975 0.0 0.0021816625
-0.01418080625 -0.0021816625 -0.03381576875
0.038179093750000004 -0.00109083125 -0.00763581875
0.020725793750000002 0.00109083125 -0.011999143750000002
0.019634962500000002 -0.0021816625 -0.043633250000000005
0.046905743750000006 -0.0021816625 0.009817481250000001
-0.02617995 -0.004363325 -0.013089975
-0.022907456250000003 -0.004363325 -0.00327249375
-0.03163410625 -0.00327249375 -0.0065449875
-0.02617995 -0.00327249375 -0.010908312500000001
0.011999143750000002 -0.0021816625 -0.04908740625000001
-0.004363325 -0.0021816625 -0.025089118750000004
-0.0327249375 -0.00327249375 0.00872665
0.018544131250000002 0.004363325 0.01418080625
0.0327249375 0.00327249375 0.0152716375
-0.01636246875 -0.004363325 -0.013089975
-0.010908312500000001 0.0 -0.020725793750000002
-0.0152716375 0.00109083125 0.005454156250000001
-0.004363325 0.00327249375 0.018544131250000002
-0.00872665 0.0021816625 0.01418080625
0.0327249375 -0.005454156250000001 -0.005454156250000001
0.022907456250000003 -0.00109083125 0.0152716375
0.009817481250000001 0.00109083125 0.02617995
-0.00109083125 -0.004363325 -0.01418080625
0.013089975 -0.00109083125 0.022907456250000003
-0.0349066 -0.00327249375 0.00872665
0.02945244375 -0.00109083125 0.0065449875
-0.010908312500000001 -0.00109083125 0.013089975
-0.00109083125 -0.00109083125 0.0021816625
0.0174533 -0.00109083125 0.00109083125
0.022907456250000003 0.00109083125 0.005454156250000001
-0.00763581875 -0.00109083125 -0.00109083125
0.022907456250000003 -0.005454156250000001 -0.0174533
-0.065449875 -0.004363325 -0.00872665
0.039269925000000004 -0.0021816625 0.0021816625
-0.00763581875 0.0 -0.013089975
0.013089975 0.0 0.0065449875
-0.004363325 -0.005454156250000001 0.0283616125
0.02617995 -0.004363325 -0.020725793750000002
0.0 -0.004363325 -0.020725793750000002
