0.216 0.409 -0.091
0.246 0.409 -0.091
0.228 0.428 -0.084
0.246 0.422 -0.084
0.246 0.409 -0.078
0.252 0.416 -0.084
0.246 0.416 -0.11
0.257 0.409 -0.078
0.252 0.428 -0.104
0.246 0.416 -0.091
0.24 0.416 -0.078
0.24 0.409 -0.084
0.246 0.416 -0.097
0.24 0.409 -0.084
0.252 0.422 -0.11
0.233 0.416 -0.104
0.24 0.416 -0.104
0.24 0.416 -0.097
0.246 0.416 -0.084
0.24 0.422 -0.091
0.246 0.416 -0.091
0.246 0.404 -0.078
0.252 0.422 -0.11
0.24 0.422 -0.078
0.24 0.416 -0.097
0.246 0.404 -0.084
0.24 0.409 -0.072
0.246 0.409 -0.091
0.246 0.416 -0.091
0.252 0.416 -0.072
0.24 0.404 -0.091
0.246 0.422 -0.084
0.24 0.409 -0.078
0.252 0.422 -0.084
0.252 0.409 -0.091
0.233 0.422 -0.091
0.246 0.416 -0.084
0.24 0.416 -0.084
0.252 0.416 -0.091
0.233 0.409 -0.097
0.246 0.409 -0.084
0.233 0.416 -0.091
0.228 0.404 -0.097
0.24 0.416 -0.091
0.24 0.416 -0.097
0.246 0.416 -0.072
0.252 0.416 -0.065
0.24 0.416 -0.084
0.246 0.416 -0.091
0.24 0.404 -0.078
0.276 0.416 -0.078
0.233 0.422 -0.097
0.246 0.404 -0.11
0.228 0.409 -0.091
0.24 0.409 -0.084
0.24 0.416 -0.091
0.246 0.416 -0.084
0.246 0.409 -0.084
0.24 0.422 -0.091
0.228 0.422 -0.084
0.24 0.409 -0.097
0.252 0.416 -0.078
0.252 0.409 -0.078
0.257 0.409 -0.072
0.252 0.409 -0.084
0.246 0.409 -0.084
0.264 0.416 -0.084
0.252 0.404 -0.091
0.264 0.409 -0.104
0.257 0.416 -0.078
0.246 0.416 -0.097
0.257 0.416 -0.084
0.252 0.404 -0.078
0.257 0.409 -0.091
0.246 0.409 -0.097
0.257 0.404 -0.097
0.246 0.404 -0.091
0.252 0.416 -0.084
0.264 0.416 -0.097
0.252 0.409 -0.097
0.252 0.398 -0.097
0.24 0.404 -0.091
0.246 0.409 -0.091
0.246 0.409 -0.097
0.246 0.416 -0.104
0.24 0.409 -0.104
0.246 0.416 -0.084
0.233 0.44 -0.072
0.233 0.446 -0.084
0.23 0.428 -0.116
0.248 0.428 -0.142
0.248 0.404 -0.161
0.257 0.398 -0.174
0.254 0.408 -0.161
0.265 0.406 -0.18
0.259 0.406 -0.201
0.265 0.401 -0.214
0.272 0.388 -0.233
0.276 0.377 -0.238
0.27 0.364 -0.272
0.281 0.348 -0.297
0.276 0.324 -0.336
0.272 0.302 -0.355
0.278 0.254 -0.385
0.265 0.224 -0.404
0.289 0.208 -0.425
0.265 0.166 -0.444
0.283 0.137 -0.464
0.302 0.11 -0.451
0.302 0.091 -0.464
0.296 0.097 -0.444
0.32 0.073 -0.457
0.32 0.062 -0.449
0.331 0.025 -0.449
0.374 0.009 -0.404
0.392 0.003 -0.425
0.385 -0.027 -0.4
0.414 -0.02 -0.379
0.403 -0.044 -0.372
0.396 -0.032 -0.385
0.427 -0.014 -0.368
0.42 0.003 -0.379
0.427 0.009 -0.353
0.42 0.003 -0.379
0.403 0.027 -0.372
0.414 0.04 -0.38
0.396 0.003 -0.38
0.406 -0.02 -0.36
0.401 -0.064 -0.38
0.401 -0.076 -0.366
0.401 -0.064 -0.368
0.395 -0.07 -0.366
0.396 -0.057 -0.371
0.401 -0.076 -0.371
0.384 -0.076 -0.371
0.406 -0.088 -0.36
0.382 -0.088 -0.379
0.395 -0.064 -0.38
0.401 -0.076 -0.368
0.39 -0.07 -0.353
0.382 -0.081 -0.379
0.401 -0.088 -0.38
0.388 -0.076 -0.379
0.412 -0.081 -0.366
0.388 -0.088 -0.372
0.395 -0.081 -0.36
0.395 -0.076 -0.372
0.401 -0.064 -0.36
0.401 -0.1 -0.368
0.382 -0.088 -0.372
0.388 -0.088 -0.353
0.395 -0.1 -0.368
0.401 -0.088 -0.36
0.39 -0.076 -0.372
0.388 -0.081 -0.392
0.388 -0.094 -0.372
0.395 -0.094 -0.38
0.395 -0.081 -0.379
0.412 -0.088 -0.38
0.396 -0.081 -0.38
0.401 -0.076 -0.368
0.401 -0.088 -0.392
0.395 -0.081 -0.379
0.377 -0.076 -0.353
0.388 -0.081 -0.379
0.395 -0.081 -0.353
0.382 -0.088 -0.368
0.401 -0.088 -0.379
0.395 -0.081 -0.36
0.401 -0.081 -0.353
0.395 -0.076 -0.36
0.395 -0.088 -0.372
0.395 -0.081 -0.372
0.395 -0.081 -0.353
0.395 -0.076 -0.368
0.395 -0.088 -0.353
0.388 -0.088 -0.392
0.401 -0.081 -0.366
0.401 -0.094 -0.372
0.384 -0.094 -0.385
0.395 -0.088 -0.372
0.401 -0.081 -0.368
0.39 -0.081 -0.36
0.401 -0.105 -0.36
0.395 -0.07 -0.392
0.412 -0.088 -0.368
0.412 -0.081 -0.379
0.401 -0.088 -0.392
0.396 -0.088 -0.372
0.395 -0.1 -0.379
0.401 -0.094 -0.372
0.401 -0.081 -0.372
0.395 -0.081 -0.36
0.406 -0.081 -0.385
0.401 -0.088 -0.385
0.401 -0.088 -0.368
0.388 -0.081 -0.36
0.382 -0.088 -0.368
0.401 -0.081 -0.372
0.406 -0.088 -0.379
0.388 -0.081 -0.372
0.395 -0.088 -0.36
0.388 -0.088 -0.385
0.388 -0.088 -0.379
0.401 -0.081 -0.372
0.395 -0.081 -0.372
0.377 -0.094 -0.353
0.401 -0.1 -0.36
0.395 -0.1 -0.368
0.382 -0.094 -0.347
0.395 -0.094 -0.368
0.388 -0.094 -0.368
0.395 -0.081 -0.366
0.382 -0.081 -0.372
0.395 -0.076 -0.353
0.395 -0.07 -0.379
0.36 -0.009 -0.424
0.324 0.091 -0.432
0.312 0.145 -0.432
0.27 0.204 -0.444
0.265 0.268 -0.414
0.246 0.32 -0.393
0.246 0.344 -0.393
0.214 0.369 -0.336
0.238 0.371 -0.342
0.256 0.372 -0.334
0.275 0.372 -0.302
0.323 0.369 -0.281
0.318 0.371 -0.235
0.336 0.348 -0.222
0.344 0.342 -0.235
0.344 0.35 -0.228
0.344 0.35 -0.241
0.368 0.337 -0.233
0.345 0.35 -0.241
0.352 0.355 -0.246
0.345 0.344 -0.241
0.352 0.355 -0.233
0.352 0.35 -0.246
0.361 0.35 -0.22
0.356 0.355 -0.228
0.352 0.344 -0.246
0.363 0.344 -0.233
0.363 0.35 -0.228
0.352 0.35 -0.26
0.361 0.331 -0.241
0.361 0.344 -0.228
0.356 0.35 -0.233
0.35 0.344 -0.22
0.361 0.344 -0.246
0.352 0.35 -0.246
0.345 0.35 -0.233
0.363 0.344 -0.228
0.35 0.35 -0.246
0.35 0.355 -0.241
0.345 0.355 -0.241
0.352 0.35 -0.228
0.352 0.361 -0.241
0.356 0.344 -0.241
0.356 0.361 -0.246
0.35 0.337 -0.233
0.356 0.344 -0.22
0.356 0.355 -0.233
0.35 0.35 -0.241
0.35 0.344 -0.246
0.345 0.344 -0.233
0.361 0.337 -0.241
0.356 0.344 -0.228
0.361 0.35 -0.22
0.356 0.35 -0.233
0.345 0.35 -0.246
0.356 0.344 -0.241
0.361 0.35 -0.228
0.368 0.344 -0.233
0.337 0.35 -0.228
0.35 0.361 -0.241
0.35 0.344 -0.233
0.356 0.35 -0.228
0.344 0.35 -0.233
0.361 0.35 -0.233
0.35 0.35 -0.241
0.368 0.361 -0.22
0.368 0.35 -0.241
0.35 0.35 -0.254
0.356 0.337 -0.228
0.35 0.344 -0.233
0.356 0.355 -0.228
0.361 0.344 -0.233
0.35 0.337 -0.241
0.356 0.355 -0.241
0.35 0.35 -0.241
0.356 0.344 -0.246
0.356 0.35 -0.233
0.374 0.344 -0.233
0.342 0.35 -0.241
0.36 0.35 -0.246
0.342 0.35 -0.26
0.35 0.355 -0.228
0.356 0.355 -0.26
0.368 0.35 -0.233
0.361 0.35 -0.228
0.355 0.355 -0.241
0.355 0.326 -0.246
0.36 0.35 -0.26
0.348 0.355 -0.246
0.342 0.355 -0.233
0.348 0.331 -0.241
